17 17 17 17 17 17 17 17 17 17 17 17 17 17 17 17 17 17 17 17 17 17 17 17 17 17 17 17 17 17 17 17 17 17 17 17 17 17 17 17 17 17 17 17 17 17 17 17 17 17 
17 17 17 17 17 17 17 17 17 17 17 17 17 17 17 17 17 17 17 17 17 17 17 17 17 17 17 17 17 17 17 17 17 17 17 17 17 17 17 17 17 17 17 17 17 17 17 17 17 17 
17 17 17 17 17 17 17 17 17 17 17 17 17 17 17 17 17 17 17 17 17 17 17 17 17 17 17 17 17 17 17 17 17 17 17 17 17 17 17 17 17 17 17 17 17 17 17 17 17 17 
17 17 17 17 17 17 17 17 17 17 17 17 17 17 17 17 17 17 17 17 17 17 17 17 17 17 17 17 17 17 17 17 17 17 17 17 17 17 17 17 17 17 17 17 17 17 17 17 17 17 
17 17 17 17 17 17 17 17 17 17 17 17 17 17 17 17 17 17 17 17 17 17 17 17 17 17 17 17 17 17 17 17 17 17 17 17 17 17 17 17 17 17 17 17 17 17 17 17 17 17 
17 17 17 17 17 17 17 17 17 17 17 17 17 17 17 17 17 17 17 17 17 17 17 17 17 17 17 17 17 17 17 17 17 17 17 17 17 17 17 17 17 17 17 17 17 17 17 17 17 17 
17 17 17 17 17 17 17 17 17 17 17 17 17 17 17 17 17 17 17 17 17 17 17 17 17 17 17 17 17 17 17 17 17 17 17 17 17 17 17 17 17 17 17 17 17 17 17 17 17 17 
17 17 17 17 17 17 17 17 17 17 17 17 17 17 17 17 17 17 17 17 17 17 17 17 17 17 17 17 17 17 17 17 17 17 17 17 17 17 17 17 17 17 17 17 17 17 17 17 17 17 
17 17 17 17 17 17 17 17 17 17 17 17 17 17 17 17 17 17 17 17 17 17 17 17 17 17 17 17 17 17 17 17 17 17 17 17 17 17 17 17 17 17 17 17 17 17 17 17 17 17 
17 17 17 17 17 17 17 17 17 17 17 17 17 17 17 17 17 17 17 17 17 17 17 17 17 17 17 17 17 17 17 17 17 17 17 17 17 17 17 17 17 17 17 17 17 17 17 17 17 17 
17 17 17 17 17 17 17 17 17 17 17 17 17 17 17 17 17 17 17 17 17 17 17 17 17 17 17 17 17 17 17 17 17 17 17 17 17 17 17 17 17 17 17 17 17 17 17 17 17 17 
17 17 17 17 17 17 17 17 17 17 17 17 17 17 17 17 17 17 17 17 17 17 17 17 17 17 17 17 17 17 17 17 17 17 17 17 17 17 17 17 17 17 17 17 17 17 17 17 17 17 
17 17 17 17 17 17 17 17 17 17 17 17 17 17 17 17 17 17 17 17 17 17 17 17 17 17 17 17 17 17 17 17 17 17 17 17 17 17 17 17 17 17 17 17 17 17 17 17 17 17 
17 17 17 17 17 17 17 17 17 17 17 17 17 17 17 17 17 17 17 17 17 17 17 17 17 17 17 17 17 17 17 17 17 17 17 17 17 17 17 17 17 17 17 17 17 17 17 17 17 17 
17 17 17 17 17 17 17 17 17 17 17 17 17 17 17 17 17 17 17 17 17 17 17 17 17 17 17 17 17 17 17 17 17 17 17 17 17 17 17 17 17 17 17 17 17 17 17 17 17 17 
17 17 17 17 17 17 17 17 17 17 17 17 17 17 17 17 17 17 17 17 17 17 17 17 17 17 17 17 17 17 17 17 17 17 17 17 17 17 17 17 17 17 17 17 17 17 17 17 17 17 
17 17 17 17 17 17 17 17 17 17 17 17 17 17 17 17 17 17 17 17 17 17 17 17 17 17 17 17 17 17 17 17 17 17 17 17 17 17 17 17 17 17 17 17 17 17 17 17 17 17 
17 17 17 17 17 17 17 17 17 17 17 17 17 17 17 17 17 17 17 17 17 17 17 17 17 17 17 17 17 17 17 17 17 17 17 17 17 17 17 17 17 17 17 17 17 17 17 17 17 17 
17 17 17 17 17 17 17 17 17 17 17 17 17 17 17 17 17 17 17 17 17 17 17 17 17 17 17 17 17 17 17 17 17 17 17 17 17 17 17 17 17 17 17 17 17 17 17 17 17 17 
17 17 17 17 17 17 17 17 17 17 17 17 17 17 17 17 17 17 17 17 17 17 17 17 17 17 17 17 17 17 17 17 17 17 17 17 17 17 17 17 17 17 17 17 17 17 17 17 17 17 
17 17 17 17 17 17 17 17 17 17 17 17 17 17 17 17 17 17 17 17 17 17 17 17 17 17 17 17 17 17 17 17 17 17 17 17 17 17 17 17 17 17 17 17 17 17 17 17 17 17 
17 17 17 17 17 17 17 17 17 17 17 17 17 17 17 17 17 17 17 17 17 17 17 17 17 17 17 17 17 17 17 17 17 17 17 17 17 17 17 17 17 17 17 17 17 17 17 17 17 17 
17 17 17 17 17 17 17 17 17 17 17 17 17 17 17 17 17 17 17 17 17 17 17 17 17 17 17 17 17 17 17 17 17 17 17 17 17 17 17 17 17 17 17 17 17 17 17 17 17 17 
17 17 17 17 17 17 17 17 17 17 17 17 17 17 17 17 17 17 17 17 17 17 17 17 17 17 17 17 17 17 17 17 17 17 17 17 17 17 17 17 17 17 17 17 17 17 17 17 17 17 
17 17 17 17 17 17 17 17 17 17 17 17 17 17 17 17 17 17 17 17 17 17 17 17 17 17 17 17 17 17 17 17 17 17 17 17 17 17 17 17 17 17 17 17 17 17 17 17 17 17 
17 17 17 17 17 17 17 17 17 17 17 17 17 17 17 17 17 17 17 17 17 17 17 17 17 17 17 17 17 17 17 17 17 17 17 17 17 17 17 17 17 17 17 17 17 17 17 17 17 17 
17 17 32 32 32 32 32 32 32 32 32 32 32 32 32 32 32 32 32 32 32 32 32 32 32 32 32 32 32 32 32 32 32 32 32 32 17 17 17 17 17 17 17 17 17 17 17 17 17 17 
17 17 32 32 32 32 32 32 32 32 32 32 32 32 32 32 32 32 32 32 32 32 32 32 32 32 32 32 32 32 32 32 32 32 32 32 17 17 17 17 17 17 17 17 17 17 17 17 17 17 
17 17 32 32 32 32 32 32 32 32 32 32 32 32 32 32 32 32 32 32 32 32 32 32 32 32 32 32 32 32 32 32 32 32 32 32 17 17 17 17 17 17 17 17 17 17 17 17 17 17 
17 17 32 32 32 32 32 32 32 32 32 32 32 17 17 17 17 36 32 32 32 32 32 32 32 32 32 32 32 32 32 32 32 32 32 32 17 17 17 17 17 17 17 17 17 17 17 17 17 17 
17 17 32 32 32 32 32 32 32 32 32 32 32 17 17 17 17 17 32 32 32 32 32 32 32 32 32 32 32 32 32 32 32 32 32 32 17 17 17 17 17 17 17 17 17 17 17 17 17 17 
17 17 32 32 32 32 32 32 32 32 32 32 32 17 17 17 17 17 32 32 32 32 32 32 32 32 32 32 32 32 32 32 32 32 32 32 17 17 17 17 17 17 17 17 17 17 17 17 17 17 
17 17 32 32 32 32 32 32 32 32 32 32 32 32 32 17 32 32 32 32 32 32 32 32 32 32 32 32 32 32 32 32 32 32 32 32 17 17 17 17 17 17 17 17 17 17 17 17 17 17 
17 17 32 32 32 32 32 32 32 32 32 17 17 32 32 17 32 32 17 17 17 17 32 17 17 17 32 17 17 32 32 32 32 32 32 32 17 17 17 17 17 17 17 17 17 17 17 17 17 17 
17 17 32 32 32 32 32 32 32 32 32 17 17 17 32 17 32 17 17 17 17 17 17 17 32 17 17 17 17 32 32 32 32 32 32 32 17 17 17 17 17 17 17 17 17 17 17 17 17 17 
17 17 32 32 32 32 32 32 32 32 32 17 17 17 17 17 17 17 17 17 17 17 32 32 32 32 32 32 17 32 32 32 32 32 32 32 17 17 17 17 17 17 17 17 17 17 17 17 17 17 
17 17 32 32 32 32 17 17 17 32 17 17 17 17 17 17 17 17 32 32 17 32 32 17 17 17 17 17 17 17 17 17 32 32 32 32 17 17 17 17 17 17 17 17 17 17 17 17 17 17 
17 17 32 32 32 32 17 17 17 32 17 17 17 17 17 17 17 17 32 17 17 17 32 17 17 17 17 17 17 17 17 17 32 32 32 32 17 17 17 17 17 17 17 17 17 17 17 17 17 17 
17 17 32 32 32 32 32 17 32 32 32 32 17 17 17 17 17 17 32 17 17 17 32 17 17 32 17 17 17 17 17 17 32 32 32 32 17 17 17 17 17 17 17 17 17 17 17 17 17 17 
17 17 32 32 32 32 32 17 32 17 17 17 17 17 17 17 17 17 32 17 32 32 32 17 17 32 17 17 32 32 32 17 32 32 32 32 17 17 17 17 17 17 17 17 17 17 17 17 17 17 
17 17 32 32 32 32 32 17 32 32 32 32 32 17 17 17 17 32 32 32 32 17 17 17 17 32 17 17 17 17 32 17 32 32 32 32 17 17 17 17 17 17 17 17 17 17 17 17 17 17 
17 17 32 32 32 17 17 17 17 17 17 17 32 32 32 32 32 32 17 17 17 17 17 17 17 32 17 17 17 17 32 17 32 32 32 32 17 17 17 17 17 17 17 17 17 17 17 17 17 17 
17 17 32 32 32 17 17 17 17 17 17 17 17 17 17 17 17 17 17 17 32 32 32 17 17 32 17 17 17 17 32 17 32 32 32 32 17 17 17 17 17 17 17 17 17 17 17 17 17 17 
17 17 32 32 32 17 17 17 17 17 17 17 17 17 17 17 17 32 32 32 32 32 32 17 17 32 17 17 17 17 32 17 32 32 32 32 17 17 17 17 17 17 17 17 17 17 17 17 17 17 
17 17 32 32 32 17 37 17 17 17 17 17 32 32 32 32 32 32 32 32 32 32 32 17 17 17 17 17 17 17 32 32 32 32 32 32 17 17 17 17 17 17 17 17 17 17 17 17 17 17 
17 17 32 32 32 17 17 17 17 17 17 17 32 32 32 32 32 32 32 32 32 32 32 17 17 17 17 17 17 17 17 17 32 32 32 32 17 17 17 17 17 17 17 17 17 17 17 17 17 17 
17 17 32 32 32 32 32 32 32 32 32 32 32 32 32 32 32 32 32 32 32 32 32 32 32 32 32 32 32 32 32 32 32 32 32 32 17 17 17 17 17 17 17 17 17 17 17 17 17 17 
17 17 32 32 32 32 32 32 32 32 32 32 32 32 32 32 32 32 32 32 32 32 32 32 32 32 32 32 32 32 32 32 32 32 32 32 17 17 17 17 17 17 17 17 17 17 17 17 17 17 
17 17 32 32 32 32 32 32 32 32 32 32 32 32 32 32 32 32 32 32 32 32 32 32 32 32 32 32 32 32 32 32 32 32 32 32 17 17 17 17 17 17 17 17 17 17 17 17 17 17 
17 17 17 17 17 17 17 17 17 17 17 17 17 17 17 17 17 17 17 17 17 17 17 17 17 17 17 17 17 17 17 17 17 17 17 17 17 17 17 17 17 17 17 17 17 17 17 17 17 17 
