168 168 168 168 168 168 168 168 168 168 168 168 168 168 168 168 168 168 168 168 168 168 168 168 168 168 168 168 168 168 168 168 168 168 168 168 168 168 168 168 168 168 168 168 168 168 168 168 168 168 
168 168 168 168 168 168 168 168 168 168 168 168 168 168 168 168 168 168 168 168 168 168 168 168 168 168 168 168 168 168 168 168 168 168 168 168 168 168 168 168 168 168 168 168 168 168 168 168 168 168 
168 168 168 168 168 168 168 168 168 168 168 168 168 168 168 168 168 168 168 168 168 168 170 170 168 168 168 168 168 168 168 168 168 168 168 168 168 168 168 168 168 168 168 168 168 168 168 168 168 168 
168 168 168 168 168 168 168 168 168 168 168 168 168 168 168 168 168 168 168 170 170 170 168 168 168 168 168 168 168 168 168 168 168 168 168 168 168 168 168 168 168 168 168 168 168 168 168 168 168 168 
168 168 168 168 168 168 168 168 168 168 168 168 168 168 168 168 170 170 170 170 170 170 11 12 12 12 12 12 12 12 12 12 12 13 168 168 168 168 168 168 168 168 168 168 168 168 168 168 168 168 
168 168 168 168 168 168 168 168 168 168 168 168 168 168 168 168 168 170 170 170 170 170 21 0 0 0 0 0 0 0 0 0 0 36 12 12 13 168 168 168 168 168 168 168 168 168 168 168 168 168 
168 168 168 168 168 168 168 168 168 168 168 168 168 168 168 168 11 12 12 12 12 12 37 0 0 2 2 2 2 2 2 0 0 0 0 0 23 168 168 168 168 168 168 168 168 168 168 168 168 168 
168 168 168 168 168 168 168 168 168 168 168 168 168 11 12 12 37 1 1 1 0 0 0 2 2 2 2 2 2 2 2 2 0 0 0 0 23 168 168 168 168 168 170 170 168 168 168 168 168 168 
168 168 168 168 168 168 168 168 168 168 168 168 168 21 1 1 1 1 0 0 0 2 2 2 2 0 0 0 0 0 2 2 2 2 0 0 36 12 13 168 168 170 170 168 168 168 168 168 168 168 
168 168 168 168 168 168 168 168 168 168 168 168 168 21 1 1 1 0 0 0 2 2 0 0 0 0 0 0 0 0 0 0 2 2 2 0 0 0 23 168 168 170 170 168 168 168 168 168 168 168 
168 168 168 168 168 168 168 168 168 168 168 168 168 21 1 1 0 0 0 2 0 0 0 0 0 0 0 0 0 0 0 0 0 2 2 0 0 0 23 168 170 170 170 168 168 168 168 168 168 168 
168 168 168 168 168 168 168 168 168 168 168 168 168 21 22 22 0 65 65 2 65 65 26 32 32 32 32 32 32 27 0 0 0 0 2 2 0 0 23 170 170 170 170 170 168 168 168 168 168 168 
168 168 168 168 168 168 168 168 168 168 168 168 168 21 22 0 0 65 65 2 65 26 33 171 171 171 171 171 171 31 27 0 0 0 2 2 0 0 23 170 170 170 170 170 168 168 168 168 168 168 
168 168 168 168 168 168 168 168 168 168 168 11 12 37 22 2 2 65 65 65 65 23 171 171 171 171 171 171 171 171 21 131 131 0 2 2 0 0 23 168 168 170 170 168 168 168 168 168 168 168 
168 168 168 168 168 168 168 168 168 168 168 21 22 22 22 2 2 2 2 65 65 23 171 171 71 171 171 171 171 171 21 0 0 0 2 2 0 0 23 168 168 170 170 168 168 168 168 168 168 168 
168 168 168 168 168 168 168 168 168 11 12 37 22 22 22 2 2 65 65 65 2 23 171 171 168 170 71 168 170 168 21 0 0 0 2 2 0 0 23 168 168 168 168 168 168 168 168 168 168 168 
168 168 168 168 168 168 168 168 168 21 1 22 22 22 22 2 65 65 65 65 65 23 171 171 170 170 170 168 170 168 21 65 0 0 2 2 0 0 23 168 168 168 168 168 168 168 168 168 168 168 
168 168 168 168 168 168 168 168 168 21 1 22 22 22 2 22 22 65 65 2 65 36 12 13 170 170 170 170 170 168 21 65 0 0 0 0 0 26 33 168 168 168 168 168 168 168 168 168 168 168 
168 168 168 168 168 168 168 168 168 21 22 22 22 22 2 22 138 131 65 138 65 65 2 36 12 12 12 12 12 12 37 77 0 0 0 0 0 23 170 168 168 168 168 168 168 168 168 168 168 168 
168 168 168 168 168 168 168 168 11 37 22 22 22 2 22 22 131 65 65 65 65 65 139 139 138 65 65 65 77 0 0 0 0 26 32 32 32 33 170 168 168 168 168 168 168 168 168 168 168 168 
168 168 168 168 168 168 168 168 21 1 22 22 2 2 22 22 131 2 131 131 131 65 22 22 26 32 32 32 32 32 32 32 32 33 170 170 170 170 168 168 168 168 168 168 168 168 168 168 168 168 
168 168 168 168 168 168 168 168 21 22 22 2 2 22 22 131 131 134 131 131 131 22 2 26 33 168 168 168 168 168 168 168 168 168 170 170 170 168 168 168 168 168 168 168 168 168 168 168 168 168 
168 168 168 168 168 168 168 168 21 22 22 2 22 131 131 139 139 135 134 2 2 2 2 23 168 168 168 168 168 168 168 168 168 170 170 170 170 168 168 168 168 168 168 168 168 168 168 168 168 168 
168 168 168 168 168 168 168 168 21 22 22 2 131 131 139 139 134 134 134 131 0 26 32 33 168 168 168 168 168 168 168 168 168 168 170 170 170 168 168 168 168 168 168 168 168 168 168 168 168 168 
168 168 168 168 168 168 169 11 37 22 2 2 0 134 138 139 134 134 66 2 0 23 170 168 168 168 168 11 12 12 12 12 12 12 12 12 12 12 12 13 171 170 170 170 169 169 169 168 168 168 
168 168 168 168 168 168 169 21 22 2 2 0 77 0 0 134 74 74 2 2 0 23 170 170 168 168 168 21 1 1 1 26 32 32 32 32 32 32 27 23 171 170 170 170 170 169 169 168 168 168 
168 168 168 168 168 11 12 37 2 2 0 0 0 134 134 74 74 2 2 2 0 23 170 170 170 11 12 37 1 26 32 33 170 170 171 171 171 171 21 36 12 12 12 13 170 170 170 168 168 168 
168 168 168 168 168 21 131 131 2 0 0 0 134 134 134 74 2 2 2 2 26 33 170 170 170 21 76 1 26 33 170 170 171 171 171 171 171 171 21 0 1 0 0 23 170 170 170 168 168 168 
168 168 168 168 168 21 131 131 26 32 32 32 27 134 134 66 74 2 2 2 23 170 170 170 170 21 1 1 23 170 170 171 71 71 171 171 171 11 37 0 0 0 2 36 12 12 13 168 168 168 
168 168 168 168 168 21 131 131 23 168 168 171 21 0 0 66 0 0 2 2 23 170 170 170 11 37 1 76 36 13 171 171 71 171 171 11 12 37 74 76 0 0 2 2 2 0 23 168 168 168 
168 168 168 168 168 21 131 0 23 168 71 171 21 134 134 66 0 2 2 2 23 169 169 169 21 1 1 1 1 23 171 171 171 169 169 21 0 0 76 76 76 0 0 2 2 0 36 13 171 168 
168 168 168 168 168 21 131 0 23 168 71 171 21 0 0 0 0 0 2 2 23 169 169 169 21 1 75 1 1 23 169 171 171 169 169 21 0 0 0 0 0 0 26 32 32 32 27 23 168 168 
168 168 168 168 168 21 131 0 23 168 71 171 21 0 0 0 0 0 0 2 23 169 169 169 21 1 75 75 1 23 169 171 169 169 11 2 2 2 2 0 2 2 23 168 168 168 21 23 168 168 
168 168 168 168 168 21 131 0 23 171 168 171 21 0 0 0 0 0 0 0 23 169 169 169 21 1 75 75 1 23 171 171 169 169 21 2 0 0 0 0 0 2 23 168 168 168 21 23 168 168 
168 168 168 168 168 21 131 0 36 12 12 12 37 0 0 0 0 0 79 79 36 12 12 12 37 0 0 0 1 23 171 171 169 169 21 0 0 2 2 0 0 2 23 168 71 168 21 23 168 168 
168 168 168 168 168 21 131 0 2 2 0 0 0 0 0 0 0 0 79 79 26 32 32 32 27 76 76 0 0 23 171 171 169 169 21 0 0 2 2 2 0 2 23 168 71 168 21 23 170 168 
168 168 168 168 168 21 131 0 2 2 0 0 0 0 79 0 0 0 0 0 23 169 169 169 21 0 0 6 2 23 169 171 169 169 21 2 0 0 0 76 0 2 23 168 168 168 21 23 170 168 
168 168 168 168 168 21 131 0 2 2 2 0 0 0 79 79 79 0 0 0 23 169 171 169 21 0 0 2 2 23 169 169 169 169 21 2 2 2 2 76 0 2 23 168 168 168 21 23 168 168 
168 168 168 168 168 31 32 27 0 2 2 2 2 0 0 74 79 79 0 0 36 12 13 169 31 27 0 2 0 23 169 169 169 169 21 0 2 2 2 0 2 2 36 12 12 12 37 23 168 168 
168 168 168 168 168 168 168 21 0 0 0 2 2 2 0 0 0 0 0 0 0 1 23 169 169 21 0 0 0 23 169 169 169 169 21 0 2 2 2 9 2 2 2 0 0 0 1 23 170 168 
168 168 168 168 168 168 168 21 0 0 0 0 2 2 2 2 2 0 0 0 74 0 23 169 169 31 32 32 32 33 169 169 169 169 21 1 0 2 2 2 2 2 2 0 0 26 32 33 170 168 
168 168 168 168 168 168 168 21 1 0 0 74 0 0 2 2 2 2 2 0 74 0 23 169 169 169 169 169 169 169 169 169 169 169 31 32 32 27 0 2 2 2 0 0 0 23 171 170 170 168 
168 168 168 168 168 168 168 21 1 1 1 0 74 74 74 0 0 0 0 0 0 0 23 169 169 169 169 169 169 169 169 169 169 169 169 169 169 21 1 0 0 0 0 1 1 23 170 170 168 168 
168 168 168 168 168 168 168 31 32 32 32 27 0 0 0 0 0 0 0 74 0 0 23 169 169 169 169 169 169 169 169 169 169 169 169 169 169 31 32 32 32 32 32 32 32 33 171 168 168 171 
168 168 168 168 168 168 168 168 168 169 169 31 32 32 32 32 32 32 32 32 32 32 33 169 169 169 169 169 169 169 169 169 169 169 169 169 169 169 169 169 169 169 169 169 170 170 170 170 168 168 
168 168 168 168 168 168 168 168 168 169 169 169 169 169 169 169 169 169 169 169 169 169 169 169 169 169 169 169 169 169 169 169 169 169 169 169 169 169 169 169 169 169 170 169 170 170 170 168 168 168 
168 168 168 168 168 168 168 168 169 169 169 169 169 169 169 169 169 169 169 169 169 169 169 169 169 169 169 169 169 169 169 169 169 169 169 169 169 169 169 169 169 169 169 169 168 168 168 168 168 168 
168 168 168 168 168 168 168 168 168 169 169 169 169 169 169 169 169 169 169 169 169 169 169 169 169 169 169 169 169 169 169 169 169 169 169 169 169 169 169 169 169 169 168 168 168 168 168 168 168 168 
168 168 168 168 168 168 168 168 168 168 168 168 168 168 168 168 168 168 168 168 168 168 168 168 168 168 168 168 168 168 168 168 169 169 169 169 169 168 169 168 168 168 168 168 168 168 168 168 168 168 
168 168 168 168 168 168 168 168 168 168 168 168 168 168 168 168 168 168 168 168 168 168 168 168 168 168 168 168 168 168 168 169 169 169 168 168 168 168 168 168 168 168 168 168 168 168 168 168 168 168 
