18 18 18 18 18 18 18 18 18 18 18 18 18 18 18 18 18 18 18 18 18 18 18 18 18 18 18 18 18 18 18 18 18 18 18 18 18 18 18 18 18 18 18 18 18 18 18 18 18 18 
18 18 18 18 18 18 18 18 24 16 16 16 2 16 2 2 23 18 18 18 18 18 18 18 18 18 18 18 18 18 18 18 18 18 18 18 18 18 18 18 18 18 18 18 18 18 18 18 18 18 
18 18 18 18 18 18 18 18 24 16 2 2 16 2 2 2 23 18 18 18 18 18 18 18 18 18 18 18 18 18 18 18 18 18 18 18 18 18 18 18 18 18 18 18 18 18 18 18 18 18 
18 18 18 19 18 18 18 18 24 16 16 2 2 16 2 2 23 18 18 18 18 18 18 18 18 18 18 19 18 18 18 18 18 18 18 19 18 18 18 18 18 18 18 18 18 18 18 18 18 18 
18 18 18 18 18 18 19 18 24 2 16 2 2 16 2 16 23 19 18 18 18 18 19 18 18 18 18 18 18 18 18 18 18 18 18 18 18 18 18 18 18 18 18 18 18 18 18 18 18 18 
18 18 18 18 18 18 18 18 24 2 16 16 2 2 16 2 23 18 18 18 18 18 18 18 18 18 18 18 18 19 18 19 18 18 18 18 18 18 18 18 18 18 18 18 18 18 18 18 18 18 
18 18 18 18 18 18 18 18 24 16 2 2 16 16 2 2 23 18 28 26 26 26 26 26 26 26 26 26 26 26 26 26 26 26 26 26 26 26 26 26 26 29 18 18 18 18 18 18 18 18 
18 19 18 18 18 18 18 18 24 16 16 2 16 2 16 16 25 26 27 16 16 16 16 16 16 16 16 16 16 16 16 16 16 16 12 10 10 10 10 10 13 23 18 18 18 18 18 18 18 18 
18 18 18 18 18 18 18 18 24 16 12 10 10 10 13 16 16 16 16 16 16 16 16 16 16 16 16 16 16 1 1 1 1 1 8 3 3 3 3 3 7 23 18 18 18 18 18 18 18 18 
18 18 18 18 18 18 18 18 24 16 8 3 3 3 7 16 16 16 16 16 16 16 16 16 36 1 1 1 1 1 33 1 1 1 8 3 3 3 3 3 7 23 18 18 18 18 18 18 18 18 
18 18 18 18 18 18 18 18 24 16 8 3 3 3 7 16 16 16 16 16 16 16 16 16 16 16 16 16 16 1 1 1 1 1 8 3 3 3 3 3 7 23 18 18 18 18 18 18 18 18 
18 18 19 18 18 18 18 18 24 16 8 3 3 3 7 16 16 16 16 16 16 16 16 16 16 16 16 16 16 16 16 16 16 16 8 3 3 3 3 3 7 23 18 18 18 18 18 18 18 18 
18 18 18 18 18 19 18 18 24 16 14 6 3 4 15 16 16 16 16 16 16 16 16 16 16 16 16 16 16 16 16 16 16 16 14 5 5 6 3 4 20 31 18 18 18 18 18 18 18 18 
18 18 18 18 18 18 18 18 24 16 16 8 3 7 16 16 16 16 16 16 16 16 16 16 16 16 16 16 16 16 16 16 16 16 16 16 16 8 3 7 23 18 18 18 18 18 18 18 18 18 
18 18 18 18 18 18 18 18 24 16 16 8 3 7 16 16 16 16 16 16 16 16 16 16 16 16 16 16 16 16 16 16 16 16 16 16 16 8 3 7 23 18 18 18 18 18 18 18 18 18 
18 19 18 18 18 18 18 19 24 16 16 8 3 7 16 16 16 16 1 1 1 1 1 1 1 1 1 1 1 1 1 16 16 16 16 16 16 8 3 7 23 19 18 18 18 18 18 18 18 18 
18 18 18 18 18 18 18 18 24 16 16 8 3 7 16 16 16 16 1 2 20 21 21 21 21 21 21 21 21 22 1 1 16 16 16 16 16 8 3 7 23 18 18 19 18 18 18 18 18 18 
18 18 18 18 18 18 18 28 24 16 16 8 3 7 16 16 16 16 1 1 23 19 18 18 19 18 19 18 18 24 2 1 16 16 16 12 10 11 3 7 23 18 18 18 18 18 18 18 18 18 
18 18 18 18 18 18 18 24 16 16 1 8 3 7 1 16 16 1 1 2 23 19 19 18 18 18 19 18 19 24 1 1 16 16 16 8 3 3 3 7 23 18 18 18 18 18 19 18 18 18 
18 18 18 18 18 19 18 24 16 16 1 8 3 7 1 16 16 1 2 1 25 26 26 26 26 26 26 26 26 27 1 1 16 16 16 8 3 4 5 15 23 18 18 18 18 18 18 18 18 18 
18 18 18 18 18 18 18 24 16 16 1 8 3 9 10 10 10 10 10 10 10 10 10 10 10 10 10 10 10 10 10 13 16 16 16 8 3 7 1 16 23 18 18 19 18 18 18 18 18 18 
18 18 18 19 18 18 18 24 16 16 1 8 3 3 3 3 3 3 3 3 3 3 3 3 3 3 3 3 3 3 3 7 1 16 16 8 3 7 1 20 31 18 18 18 18 18 18 18 18 18 
18 18 18 18 18 18 18 24 16 16 1 14 5 5 5 5 5 5 5 5 5 5 5 5 5 5 5 5 5 6 3 7 1 16 16 8 3 7 2 23 18 18 19 18 18 18 18 18 18 18 
18 18 18 18 18 18 18 30 22 16 16 16 16 16 16 16 16 16 16 16 16 16 16 16 16 16 16 16 1 8 3 7 1 16 16 8 3 7 1 23 18 18 18 18 18 18 18 18 18 18 
18 18 18 18 18 18 18 18 24 16 16 16 16 16 16 16 16 16 16 16 16 16 16 16 16 16 16 16 1 8 3 7 1 16 16 8 3 7 1 23 18 18 18 18 18 18 18 18 18 18 
18 18 18 18 18 18 18 18 27 16 16 16 16 16 16 16 16 16 16 16 16 16 16 16 16 16 16 16 1 8 3 7 1 16 16 8 3 7 1 23 18 18 18 18 18 18 19 18 18 18 
18 18 18 19 18 18 18 24 16 16 16 16 16 16 16 16 16 16 16 16 16 16 16 16 16 16 16 16 1 8 3 7 1 16 16 8 3 7 1 23 18 18 18 18 18 18 18 18 18 18 
18 18 18 18 18 18 18 24 16 16 16 16 16 16 12 10 10 10 10 10 10 10 10 10 10 10 10 10 10 11 3 7 1 16 16 8 3 7 1 23 18 18 18 18 18 18 18 18 18 18 
18 18 18 18 18 18 18 24 16 16 16 16 1 12 11 3 3 3 3 3 3 3 3 3 3 3 3 3 3 3 3 7 1 16 16 8 3 7 1 23 18 18 19 18 18 18 18 18 18 18 
18 18 19 18 18 18 18 24 16 16 16 1 12 11 3 3 3 3 3 3 3 3 3 3 3 3 3 3 3 3 3 7 1 16 16 8 3 7 16 23 18 18 18 18 18 18 18 18 18 18 
18 18 18 18 18 18 18 24 16 16 16 2 8 3 3 4 5 5 5 5 5 5 5 5 5 5 5 5 5 5 5 15 1 16 16 8 3 7 20 31 18 18 18 18 18 18 18 18 18 18 
18 18 18 18 18 18 19 30 22 16 16 1 8 3 3 7 16 16 16 16 16 16 16 16 16 16 16 16 16 16 16 16 16 16 16 8 3 7 23 18 19 18 18 18 18 18 18 18 18 18 
18 18 18 18 18 18 18 18 24 16 16 1 8 3 3 7 16 16 16 16 16 16 16 16 16 16 16 16 16 16 16 16 16 16 16 8 3 7 23 18 18 18 18 18 18 18 18 19 18 18 
18 18 18 18 18 18 18 18 24 16 16 1 8 3 3 7 16 16 16 16 16 16 16 16 16 16 16 16 16 16 16 16 16 16 16 8 3 7 23 18 18 18 18 18 18 18 18 18 18 18 
18 18 18 18 19 18 18 18 24 16 16 1 8 3 3 7 16 16 16 16 16 16 16 16 16 16 16 16 16 16 16 16 16 16 1 8 3 7 23 18 18 18 18 18 18 18 18 18 18 18 
18 18 18 18 18 18 18 28 27 16 16 1 8 3 3 7 16 16 16 16 16 16 16 16 16 16 16 16 16 16 16 16 16 1 1 8 3 7 25 29 18 18 18 18 18 18 18 18 18 18 
18 18 18 18 18 18 18 24 16 16 16 1 8 3 3 9 10 10 10 10 10 10 10 10 10 10 10 10 10 10 10 10 10 10 10 11 3 7 16 25 29 18 18 19 18 18 18 18 18 18 
18 18 18 18 18 18 18 24 16 16 16 1 8 3 3 3 3 3 3 3 3 3 3 3 3 3 3 3 3 3 3 3 3 3 3 3 3 7 1 1 23 18 18 18 18 18 18 18 18 18 
18 18 18 18 18 18 18 24 16 16 16 1 8 3 3 3 3 3 3 3 3 3 3 3 3 3 3 3 3 3 3 3 3 3 3 3 3 7 1 1 23 18 18 18 18 18 18 18 18 18 
18 18 18 18 18 18 18 24 16 16 16 16 14 5 5 5 5 5 5 5 5 5 5 5 5 5 5 5 5 5 5 5 5 5 5 5 5 15 1 2 23 18 18 18 18 18 18 18 18 18 
18 18 18 18 18 19 18 24 16 16 16 16 16 1 1 1 1 1 1 1 2 1 1 1 1 1 1 1 1 1 1 1 1 1 1 1 1 1 1 1 23 18 18 18 18 18 18 18 18 18 
18 18 18 18 18 18 18 24 16 16 16 16 16 16 16 20 21 21 22 1 1 1 1 1 1 1 1 20 21 21 22 1 1 1 1 1 1 1 1 1 23 18 18 18 18 18 18 18 18 18 
18 19 18 18 18 18 18 24 16 16 16 16 16 16 20 31 18 18 30 22 1 1 1 1 1 1 20 31 18 18 24 1 1 1 1 1 1 1 1 1 23 18 18 18 18 18 19 18 18 18 
18 18 18 18 18 18 18 30 21 21 21 21 21 21 31 18 18 18 18 30 21 21 21 21 21 21 31 18 18 18 30 22 1 1 1 1 1 1 20 21 31 18 19 18 18 18 18 18 18 18 
18 18 18 18 18 18 18 18 18 18 18 18 18 18 19 18 18 18 18 18 18 18 18 18 18 18 18 18 19 18 18 30 21 21 21 21 21 21 31 18 18 18 18 18 18 18 18 18 18 18 
18 18 18 18 19 18 18 18 18 18 18 18 18 18 18 18 18 18 18 18 18 18 18 18 18 18 18 18 18 18 18 18 19 18 18 18 18 18 18 19 18 18 18 18 18 18 18 18 18 18 
18 18 18 18 18 18 18 18 18 19 18 18 18 18 18 18 18 18 18 18 18 18 18 19 18 18 18 18 18 18 18 18 18 18 18 18 18 18 18 18 18 18 18 18 18 19 18 18 18 18 
18 18 18 18 18 18 18 18 18 18 18 18 18 18 18 18 18 18 18 18 18 18 18 18 18 18 18 18 18 18 18 18 18 18 18 18 18 18 18 18 18 18 18 18 18 18 18 18 18 18 
18 18 18 18 18 18 18 18 18 18 18 18 18 18 18 18 18 18 18 18 18 18 18 18 18 18 18 18 18 18 18 18 18 18 18 18 18 18 18 18 18 18 18 18 18 18 18 18 18 18 
18 18 18 18 18 18 18 18 18 18 18 18 18 18 18 18 18 18 18 18 18 18 18 18 18 18 18 18 18 18 18 18 18 18 18 18 18 18 18 18 18 18 18 18 18 18 18 18 18 18 
